4294967278,18
4294967278,17
4294967278,16
4294967278,15
4294967278,14
4294967278,13
4294967278,12
4294967278,11
4294967278,10
4294967278,9
4294967278,8
4294967278,7
4294967278,6
4294967278,5
4294967278,61
4294967278,59
4294967278,56
4294967278,54
4294967278,53
4294967278,52
4294967278,51
4294967278,50
4294967278,49
4294967278,48
4294967278,47
4294967278,45
4294967278,42
4294967278,41
4294967278,40
4294967278,39
4294967278,308
4294967278,38
4294967278,37
4294967278,36
4294967278,294
4294967278,35
4294967278,293
4294967278,34
4294967278,33
4294967278,32
4294967278,31
4294967278,30
4294967278,292
4294967278,29
4294967278,28
4294967278,27
4294967278,26
4294967278,25
4294967278,302
4294967278,24
4294967278,23
4294967278,386
4294967278,22
4294967278,21
4294967278,20
4294967278,19
4294967278,260
4294967278,321
4294967294,61
4294967278,185
284,7
284,0
284,6
4294967278,181
4294967279,181
4294967278,180
4294967279,179
4294967279,178
4294967279,177
4294967278,362
4294967279,305
4294967278,175
4294967278,173
4294967279,357
4294967278,60
4294967278,361
4294967279,172
4294967294,436
4294967278,58
4294967278,356
4294967279,356
4294967278,169
4294967278,415
4294967278,57
4294967279,339
4294967278,168
4294967278,55
4294967278,167
4294967278,355
4294967279,568
4294967278,166
4294967279,166
4294967279,165
4294967278,164
4294967279,162
4294967279,164
284,5
4294967278,163
284,4
4294967279,163
284,3
284,2
284,1
4294967278,162
4294967278,46
4294967278,160
4294967279,160
4294967278,159
4294967278,299
4294967279,159
4294967278,158
4294967278,43
4294967278,155
4294967279,157
4294967279,329
4294967278,44
4294967278,298
4294967278,297
282,5
4294967278,154
4294967278,153
282,4
4294967279,152
282,3
282,2
282,1
4294967279,535
4294967278,152
4294967279,148
4294967279,534
4294967279,533
281,6
4294967294,408
4294967294,1417
4294967294,400
4294967294,178
4294967294,948
4294967294,405
4294967294,415
4294967294,919
4294967294,190
4294967294,457
4294967294,110
4294967294,467
4294967294,453
4294967279,147
4294967279,288
4294967279,146
281,5
4294967279,144
281,4
4294967279,143
281,3
281,2
281,1
4294967279,287
4294967279,142
4294967279,139
4294967279,286
280,5
4294967279,138
4294967279,272
280,4
280,3
280,2
280,1
4294967279,136
4294967279,135
4294967279,542
4294967279,284
4294967279,283
4294967279,279
279,5
4294967279,282
279,4
279,3
279,2
279,1
4294967279,277
4294967279,265
4294967279,264
278,4
4294967279,263
278,3
278,2
278,1
4294967279,262
4294967279,258
4294967278,414
4294967279,337
4294967279,531
4294967279,257
4294967279,256
4294967279,255
4294967279,355
4294967278,348
4294967278,347
4294967278,256
4294967278,344
4294967278,376
4294967279,354
4294967278,402
4294967278,341
4294967278,254
4294967278,339
4294967278,248
4294967278,253
4294967278,250
4294967278,249
4294967278,247
4294967294,469
4294967294,389
4294967278,413
4294967278,242
4294967278,245
4294967278,241
4294967279,84
4294967279,82
4294967279,80
4294967279,79
4294967279,78
4294967279,77
4294967279,75
4294967279,74
4294967279,72
4294967279,71
4294967279,70
4294967279,68
4294967279,67
4294967279,66
4294967279,65
4294967279,64
4294967279,62
4294967279,60
4294967279,59
4294967279,58
4294967279,57
4294967279,56
4294967279,55
4294967279,54
4294967279,52
4294967279,51
4294967279,50
4294967279,49
4294967279,48
4294967279,47
4294967279,43
4294967279,42
4294967279,40
4294967279,39
4294967279,38
4294967279,37
4294967279,35
4294967279,33
4294967279,31
4294967279,30
4294967279,28
4294967279,27
4294967279,26
4294967279,24
4294967279,22
4294967279,18
4294967279,16
4294967279,15
4294967279,14
4294967278,372
4294967294,423
4294967278,371
4294967278,233
4294967278,232
4294967278,408
4294967278,231
4294967294,107
4294967294,90
4294967294,87
4294967294,86
4294967294,84
4294967294,949
4294967294,53
4294967294,45
4294967294,44
4294967294,38
4294967278,226
4294967294,180
4294967294,179
4294967294,189
4294967294,191
4294967294,30
4294967294,164
4294967294,163
4294967294,36
4294967294,115
4294967294,386
4294967294,165
4294967294,113
4294967294,176
4294967294,92
4294967278,222
4294967278,218
4294967294,11
4294967294,175
4294967294,183
4294967294,173
4294967294,120
4294967294,451
4294967294,419
4294967294,18
4294967294,127
4294967294,14
4294967294,126
4294967294,20
4294967294,13
4294967294,166
4294967294,24
4294967294,12
4294967294,104
4294967294,106
4294967294,160
4294967294,119
4294967294,168
4294967294,162
4294967294,1414
4294967278,407
4294967278,214
4294967278,213
275,7
275,0
275,6
4294967278,212
4294967278,211
4294967278,210
4294967278,209
4294967278,208
4294967278,393
4294967278,206
4294967278,365
4294967294,39
4294967294,99
4294967294,76
